1 15 0.996876 71.0074 0.0 207.457 252.0
2 15 0.99759 106.087 29.8837 499.0 332.0
3 15 0.98941 33.1484 91.9685 431.672 332.0
4 15 0.976274 0.0 0.0 332.0 425.583
5 15 0.94358 241.733 12.8466 489.325 265.0
6 15 0.956277 52.4951 28.5597 499.0 332.0
8 15 0.99819 0.0 80.9154 233.299 499.0
9 15 0.960792 132.161 15.9296 432.874 319.108
10 8 0.807719 41.2869 99.8321 314.712 478.868
10 15 0.993629 19.2232 0.0 331.0 499.0
12 15 0.886486 116.138 112.288 278.866 316.869
13 15 0.936003 24.6091 41.1428 371.262 499.0
14 15 0.996992 47.8002 41.5297 309.172 499.0
15 15 0.996013 0.0 0.0 499.0 480.0
17 15 0.99658 164.006 82.4215 357.667 331.966
18 12 0.982734 13.783 91.5248 346.709 302.378
19 15 0.985882 309.619 24.6799 486.334 332.0
20 15 0.982678 34.4922 8.87973 339.356 497.113
21 15 0.992982 24.393 42.7149 461.569 395.514
22 15 0.87549 18.4292 3.47362 276.839 498.027
23 3 0.847391 300.22 318.007 359.036 382.066
23 15 0.937615 87.3225 59.3993 312.13 440.946
24 15 0.993123 138.917 3.9954 487.971 363.352
25 15 0.851184 141.562 190.11 187.892 271.902
25 16 0.858775 201.588 14.3954 224.665 62.802
25 16 0.819579 172.761 16.1939 251.662 109.841
26 13 0.96603 0.0 178.558 484.936 375.258
26 15 0.976751 115.879 25.4885 428.33 376.0
28 15 0.971418 8.78515 8.48729 287.674 332.0
29 15 0.989891 2.40092 77.694 326.318 382.868
30 15 0.95194 32.6019 10.5071 361.782 490.175
33 15 0.993923 31.1567 51.2896 260.926 495.943
34 15 0.984476 47.7635 90.496 307.247 497.521
35 15 0.992512 11.471 1.87913 288.651 495.225
37 15 0.994353 47.9514 21.3031 416.468 339.643
38 12 0.996056 54.8025 17.6838 498.359 431.722
40 15 0.993394 0.0 36.8095 246.927 486.54
41 15 0.997575 225.071 76.2669 496.505 290.789
41 15 0.922152 311.985 53.9463 418.445 236.325
43 15 0.990512 193.04 49.4869 332.375 306.813
44 15 0.994438 0.0 11.2398 238.702 499.0
45 12 0.817441 271.023 94.6899 360.347 194.478
46 15 0.998968 19.641 89.8902 309.131 491.935
48 15 0.976214 402.604 232.359 463.863 358.239
49 10 0.903041 290.264 245.846 336.342 279.096
49 15 0.998176 441.171 135.383 485.502 281.341
50 15 0.994981 154.773 56.1561 259.295 235.347
51 9 0.938425 23.6909 202.433 188.184 499.0
51 9 0.860406 93.1902 363.993 318.483 499.0
52 9 0.960078 44.3886 53.6738 313.344 454.851
53 9 0.886811 16.137 93.3407 347.757 499.0
55 9 0.964193 60.0329 52.6674 237.861 377.301
56 9 0.97386 50.6435 271.965 196.898 408.855
58 9 0.931402 142.868 134.875 219.358 293.415
61 9 0.922803 22.0133 34.1656 312.28 394.146
62 9 0.868416 99.6279 94.9971 191.877 346.972
63 9 0.88277 383.903 188.74 499.0 448.0
63 9 0.843136 5.79173 191.496 106.242 445.696
63 9 0.817038 0.0 144.262 499.0 448.0
66 9 0.916128 91.9156 102.226 313.766 482.501
67 9 0.962706 36.7333 36.0212 276.539 452.738
68 6 0.819926 258.422 146.238 351.582 179.339
68 9 0.848947 3.45612 174.614 304.18 399.0
68 15 0.828085 156.707 138.251 194.817 184.503
68 18 0.80765 21.6677 211.086 341.136 384.939
69 9 0.994776 145.513 176.123 209.1 302.311
70 9 0.98207 108.525 169.605 233.356 300.866
73 18 0.898362 14.38 40.3015 427.376 316.408
76 18 0.994864 217.87 139.261 475.596 359.227
77 15 0.803022 48.9538 216.658 82.8568 358.628
78 9 0.967528 26.1871 10.5917 251.853 449.726
82 9 0.941289 2.11785 5.28648 306.444 410.215
85 9 0.945811 29.2299 156.262 246.199 332.456
88 1 0.825014 0.0 46.7248 310.66 453.728
90 9 0.993482 250.25 2.08462 347.532 439.939
90 9 0.948932 67.8811 110.999 358.476 427.522
90 9 0.823942 208.751 196.084 320.019 415.397
91 9 0.978581 0.0 118.66 243.905 461.768
94 9 0.95821 0.0 19.8717 157.303 209.468
95 1 0.905158 0.0 216.35 311.338 450.087
96 9 0.857471 43.2913 108.117 317.987 375.773
96 9 0.809584 0.493164 0.0 57.3952 149.255
97 13 0.812264 34.9216 90.0572 216.759 473.834
97 18 0.894061 12.2413 55.1889 253.605 381.139
98 9 0.980741 8.92059 13.1636 443.822 332.0
99 9 0.901632 17.4952 8.67264 200.271 331.247
99 18 0.811083 34.2975 9.58203 298.289 471.44
100 9 0.991872 47.1565 27.2402 364.201 472.185
100 9 0.939799 40.651 0.0 147.556 447.583
102 20 0.997981 60.717 110.523 224.768 231.315
102 20 0.995951 208.061 96.0433 401.75 281.158
103 6 0.913811 39.4087 54.2634 301.414 288.833
103 20 0.821637 288.498 62.3227 476.659 233.68
104 20 0.998803 47.537 140.814 186.969 277.326
104 20 0.997694 338.696 133.003 468.754 293.626
104 20 0.930997 176.296 141.947 320.022 269.833
105 20 0.999909 92.3206 42.6071 385.134 338.39
106 20 0.999137 175.794 171.152 368.961 349.124
107 20 0.991932 65.1554 48.1642 419.372 361.211
108 20 0.999549 84.6874 56.1171 268.985 241.338
109 20 0.902324 257.464 41.6815 420.24 219.857
110 20 0.932787 129.241 97.9113 274.033 251.199
111 15 0.94422 406.017 131.617 449.259 196.055
111 20 0.999688 60.8972 18.3832 222.016 271.379
111 20 0.811649 121.42 40.8694 416.645 246.551
112 20 0.998323 0.0 0.635734 249.0 237.669
113 20 0.991659 149.641 56.4579 425.329 304.752
114 20 0.993837 21.0517 16.7859 485.927 499.0
115 20 0.992581 63.0019 32.8174 454.177 329.292
116 20 0.977737 12.5393 0.844149 88.7433 99.0
117 20 0.983009 52.0755 0.0 197.281 161.042
118 20 0.995984 13.9868 9.34879 1023.0 767.0
119 20 0.985143 60.9181 10.9411 351.109 290.399
120 3 0.98949 65.6859 136.624 431.518 319.053
120 3 0.982107 38.5438 94.3596 151.55 328.0
121 8 0.994861 173.881 20.2278 406.961 312.224
121 20 0.816759 161.559 251.888 415.917 443.0
122 15 0.972582 58.7193 17.5253 330.695 221.523
123 20 0.994094 54.3038 17.5826 480.37 317.914
124 20 0.999669 17.2587 8.88154 433.137 332.0
124 20 0.841604 54.2612 0.0 174.663 285.819
125 15 0.935491 249.436 153.71 404.022 310.145
125 15 0.9298 105.621 117.576 216.049 302.257
125 15 0.832948 192.365 112.876 294.346 304.179
126 20 0.999308 85.6928 8.36833 435.781 265.832
127 20 0.991479 127.21 84.385 400.376 320.817
129 20 0.997921 0.0 0.311198 299.0 308.391
130 20 0.977681 108.514 103.767 383.117 318.167
130 20 0.892446 416.337 0.0 499.0 199.274
131 20 0.98847 37.7895 109.818 128.32 209.165
132 20 0.996838 1.48723 138.01 177.267 316.347
134 20 0.999544 166.298 58.2306 487.213 296.595
135 20 0.998521 83.9464 7.75518 530.735 449.078
136 20 0.996717 44.9494 28.1349 349.708 349.267
137 20 0.9729 27.5709 15.277 304.916 472.0
137 20 0.891083 284.981 155.831 339.213 208.928
138 20 0.999034 0.0 0.0 699.0 618.0
139 20 0.974637 95.6192 0.0 305.867 73.3476
140 20 0.999876 19.8442 14.449 333.785 442.721
140 20 0.929099 21.9636 286.634 321.22 416.737
141 20 0.999451 32.9036 5.655 164.274 138.227
143 20 0.99974 13.5848 19.0581 363.684 336.159
144 20 0.978253 59.3867 43.1691 166.47 172.658
145 20 0.989435 63.9884 32.5181 459.096 353.184
146 20 0.999445 290.57 36.5728 493.548 249.092
146 20 0.990658 38.2647 86.4427 283.945 239.801
147 20 0.999514 37.6357 191.805 431.082 390.007
148 20 0.998306 10.3007 13.8824 273.986 235.762
149 20 0.999018 0.0 0.834368 499.0 374.0
